67
-31 -97 -34 -97
-98 13 -94 12
-20 -25 -17 -28
66 45 68 49
42 -88 37 -90
-64 -84 -67 -78
72 40 66 45
-61 -16 -69 -20
-64 -84 -55 -85
-20 -25 -29 -29
12 -54 1 -52
55 51 66 45
63 -39 75 -44
55 51 45 61
-67 -35 -69 -20
-92 100 -100 87
-92 100 -76 98
68 -23 63 -39
-89 -10 -97 -25
-93 42 -79 32
97 -41 91 -24
-27 -48 -45 -42
-27 -48 -29 -29
2 -25 -17 -28
45 61 36 44
97 -41 75 -44
-69 -20 -89 -10
-89 -10 -94 12
-67 -35 -45 -42
78 -68 75 -44
-55 -85 -34 -97
-79 32 -94 12
3 27 28 19
36 44 28 19
-15 7 3 27
2 -25 1 -52
-67 -35 -89 -53
-41 47 -59 69
2 -25 30 -20
-79 32 -57 13
78 -68 71 -97
42 -88 71 -97
45 61 59 90
-15 7 -20 -25
-89 -53 -67 -78
-59 69 -76 98
-41 47 -57 13
63 -39 30 -20
3 27 -3 70
72 40 36 44
-15 7 3 27
-27 -48 -29 -29
-93 42 -94 12
3 27 36 44
-61 -16 -67 -35
55 51 36 44
30 -20 12 -54
-45 -42 -29 -29
36 44 68 49
68 -23 75 -44
-89 -53 -67 -78
-17 -28 12 -54
72 40 66 45
-27 -48 -20 -25
68 -23 91 -24
42 -88 71 -97
-61 -16 -57 13
