266.145
267.145
268.145
269.145
270.145
271.145
272.145
273.145
274.145
275.145
276.145
277.145
278.145
279.145
280.145
281.145
282.145
283.145
284.145
285.145
286.145
287.145
288.145
289.145
290.145
291.145
292.145
293.145
294.145
295.145
296.145
297.145
298.145
299.145
300.145
301.145
302.145
303.145
304.145
305.145
306.145
307.145
308.145
309.145
310.145
311.145
312.145
313.145
314.145
315.145
316.145
317.145
318.145
319.145
320.145
321.145
322.145
323.145
324.145
325.145
326.145
327.145
328.145
329.145
330.145
331.145
332.145
333.145
334.145
335.145
336.145
337.145
338.145
339.145
340.145
341.145
342.145
343.145
344.145
345.145
346.145
347.145
348.145
349.145
350.145
351.145
352.145
353.145
354.145
355.145
356.145
357.145
358.145
359.145
360.145
361.145
362.145
363.145
364.145
365.145
366.145
367.145
368.145
369.145
370.145
371.145
372.145
373.145
374.145
375.145
376.145
377.145
378.145
140.433
141.433
142.433
143.433
144.433
145.433
146.433
147.433
148.433
149.433
150.433
151.433
152.433
153.433
154.433
155.433
156.433
157.433
158.433
159.433
160.433
161.433
162.433
163.433
164.433
165.433
166.433
167.433
168.433
169.433
114.365
115.365
116.365
117.365
118.365
119.365
120.365
121.365
122.365
123.365
124.365
125.365
126.365
127.365
128.365
129.365
130.365
131.365
132.365
133.365
134.365
135.365
136.365
137.365
138.365
139.365
140.365
141.365
142.365
143.365
144.365
145.365
146.365
147.365
148.365
149.365
150.365
151.365
152.365
153.365
154.189
155.189
156.189
157.189
158.189
159.189
160.189
161.189
162.189
163.189
164.189
165.189
166.189
167.189
168.189
169.189
170.189
171.189
172.189
173.189
174.189
175.189
176.189
177.189
178.189
179.189
180.189
181.189
182.189
183.189
184.189
185.189
186.189
186.885
187.885
188.885
189.885
190.885
191.885
192.885
193.885
194.885
195.885
196.885
197.885
198.885
199.885
200.885
201.885
202.885
203.885
204.885
205.885
206.885
207.885
208.885
209.885
210.885
211.885
212.885
213.885
214.885
215.885
216.885
217.885
218.885
219.885
220.885
221.885
222.885
223.885
224.885
225.885
226.885
227.885
228.885
229.885
230.885
231.885
232.885
233.885
234.885
235.885
236.885
237.885
238.885
239.885
240.885
241.885
242.885
243.885
244.885
245.885
246.885
247.885
248.885
249.885
250.885
251.885
252.885
253.885
254.885
255.885
256.885
257.885
258.885
259.885
260.885
261.885
262.885
263.885
264.885
265.885
266.885
267.885
268.885
269.885
270.885
271.885
272.885
273.885
274.885
275.885
276.885
277.885
278.885
279.885
280.885
281.885
282.885
283.885
284.885
285.885
286.885
287.885
288.885
289.885
290.885
189.408
190.408
191.408
192.408
193.408
194.408
195.408
196.408
197.408
198.408
199.408
200.408
201.408
202.408
203.408
204.408
205.408
206.408
207.408
208.408
209.408
210.408
211.408
212.408
213.408
214.408
215.408
216.408
217.408
218.408
219.408
220.408
221.408
222.408
223.408
224.408
225.408
226.408
227.408
228.408
229.408
230.408
231.408
232.408
233.408
234.408
235.408
236.408
237.408
238.408
239.408
240.408
241.408
242.408
243.408
244.408
245.408
246.408
247.408
248.408
249.408
250.408
157.592
158.592
159.592
160.592
161.592
162.592
163.592
164.592
165.592
166.592
167.592
168.592
169.592
170.592
171.592
172.592
173.592
174.592
175.592
176.592
177.592
178.592
179.592
180.592
181.592
182.592
183.592
184.592
185.592
186.592
187.592
188.592
189.592
190.592
191.592
192.592
193.592
194.592
195.592
196.592
197.592
198.592
199.592
200.592
201.592
202.592
203.592
204.592
205.592
206.592
207.592
208.592
209.592
210.592
211.592
212.592
213.592
214.592
215.592
216.592
217.592
218.592
219.592
220.592
221.592
222.592
223.592
224.592
225.592
226.592
227.592
228.592
229.592
230.592
231.592
232.592
233.592
234.592
235.592
236.592
237.592
238.592
239.592
240.592
241.592
242.592
243.592
244.592
245.592
246.592
247.592
248.592
249.592
250.592
251.592
252.592
253.592
254.592
255.592
256.592
257.592
258.592
259.592
260.592
261.592
262.592
263.592
264.592
265.592
266.592
267.592
268.592
269.592
270.592
271.592
272.592
273.592
274.592
275.592
276.592
277.592
278.592
279.592
280.592
281.592
282.592
283.592
284.592
285.592
286.592
287.592
288.592
289.592
290.592
291.592
292.592
293.592
115.467
116.467
117.467
118.467
119.467
120.467
121.467
122.467
123.467
124.467
125.467
126.467
127.467
128.467
129.467
130.467
131.467
132.467
133.467
134.467
135.467
136.467
137.467
138.467
139.467
140.467
141.467
142.467
143.467
144.467
145.467
146.467
147.467
148.467
149.467
150.467
151.467
152.467
153.467
154.467
155.467
156.467
157.467
158.467
159.467
160.467
161.467
162.467
163.467
164.467
165.467
166.467
167.467
168.467
169.467
170.467
171.467
172.467
173.467
174.467
175.467
176.467
177.467
178.467
179.467
180.467
181.467
182.467
183.467
184.467
185.467
186.467
187.467
188.467
189.467
190.467
191.467
192.467
193.467
194.467
195.467
196.467
197.467
198.467
199.467
200.467
201.467
202.467
203.467
204.467
205.467
206.467
207.467
208.467
209.467
210.467
211.467
212.467
213.467
214.467
215.467
216.467
217.467
218.467
219.467
220.467
221.467
222.467
223.467
224.467
225.467
226.467
227.467
228.467
229.467
230.467
231.467
232.467
233.467
234.467
235.467
236.467
237.467
238.467
239.467
240.467
241.467
242.467
243.467
244.467
245.467
246.467
247.467
248.467
249.467
250.467
251.467
252.467
253.467
254.467
255.467
256.467
257.467
258.467
259.467
260.467
261.467
262.467
263.467
264.467
265.467
266.467
250.881
251.881
252.881
253.881
254.881
255.881
256.881
257.881
258.881
259.881
260.881
261.881
262.881
263.881
264.881
265.881
