73
33 -5
18 -7
-50 -66
5 -9
-29 -95
-85 -98
-29 -93
72 88
29 89
-88 -69
87 24
-60 86
75 -23
97 42
59 36
7 10
96 88
83 -59
6 86
75 97
-14 64
68 16
-53 -57
93 46
32 94
-1 -96
-26 -20
-72 56
37 97
8 -35
-53 -44
60 -16
-93 82
-92 -21
36 -10
100 -25
-5 -95
-22 21
-51 59
8 -57
-4 -28
14 69
13 -76
13 -63
34 -70
57 24
-24 -2
-42 27
-46 -82
28 90
41 -4
-62 -33
-92 47
-45 -46
-11 -45
42 47
17 -30
-23 73
-18 68
-78 -97
-79 90
-42 38
40 16
81 -60
-36 -56
-31 5
-22 -36
-12 72
-94 96
-82 4
53 45
-63 90
75 -90
