25
1 przedni 2 5 7 8 9 12 15 16 17 18 19 ;
2 przedni 1 3 5 8 10 14 18 19 22 25 ;
3 tylny 2 4 5 7 9 10 13 14 16 20 24 ;
4 tylny 3 5 6 10 15 17 18 24 ;
5 przedni 1 2 3 4 6 7 8 10 15 17 19 20 21 24 ;
6 przedni 4 5 7 10 12 16 18 19 20 21 22 23 ;
7 przedni 1 3 5 6 8 11 14 19 22 23 ;
8 tylny 1 2 5 7 13 16 18 21 22 23 24 ;
9 przedni 1 3 10 11 13 14 20 22 24 ;
10 przedni 2 3 4 5 6 9 11 14 15 18 21 22 24 25 ;
11 tylny 7 9 10 12 13 17 19 21 23 24 25 ;
12 tylny 1 6 11 15 17 18 20 22 23 ;
13 tylny 3 8 9 11 14 17 18 19 20 23 24 ;
14 tylny 2 3 7 9 10 13 15 16 17 21 22 24 ;
15 tylny 1 4 5 10 12 14 17 18 23 24 ;
16 tylny 1 3 6 8 14 17 19 20 21 22 25 ;
17 tylny 1 4 5 11 12 13 14 15 16 19 20 22 24 25 ;
18 przedni 1 2 4 6 8 10 12 13 15 19 21 22 23 24 ;
19 tylny 1 2 5 6 7 11 13 16 17 18 20 25 ;
20 tylny 3 5 6 9 12 13 16 17 19 22 25 ;
21 przedni 5 6 8 10 11 14 16 18 22 24 ;
22 przedni 2 6 7 8 9 10 12 14 16 17 18 20 21 23 24 ;
23 przedni 6 7 8 11 12 13 15 18 22 24 ;
24 tylny 3 4 5 8 9 10 11 13 14 15 17 18 21 22 23 ;
25 tylny 2 10 11 16 17 19 20 ;
