49
-12 -59 -12 -57
-52 69 -51 67
-57 -52 -52 -54
71 56 69 64
75 73 81 79
-12 -59 -5 -65
47 64 47 74
75 73 69 64
30 -8 32 -19
61 49 71 56
28 -90 22 -79
74 -25 88 -26
88 -26 94 -39
-53 -69 -52 -54
-53 -69 -54 -85
43 -40 34 -54
41 6 30 -8
-57 -52 -73 -41
47 64 61 49
34 -54 15 -45
-32 -88 -54 -85
28 -90 49 -80
100 93 81 79
43 -40 32 -19
-3 -92 -5 -65
34 -54 22 -79
-3 -92 22 -79
-3 -92 -32 -88
2 42 32 37
47 64 32 37
49 -80 80 -74
41 6 32 37
43 -40 74 -25
-52 69 -28 94
2 42 -37 21
-51 67 -37 21
-52 69 -99 49
71 56 69 64
75 73 81 79
41 6 32 37
49 -80 80 -74
32 -19 34 -54
-12 -59 -32 -88
30 -8 32 -19
15 -45 22 -79
-28 94 -51 67
15 -45 -5 -65
61 49 71 56
61 49 32 37
