178.463
179.463
180.463
181.463
182.463
183.463
184.463
185.463
186.463
187.463
188.463
189.463
190.463
191.463
192.463
193.463
194.463
195.463
196.463
197.463
198.463
199.463
200.463
201.463
202.463
203.463
204.463
205.463
206.463
207.463
208.463
209.463
210.463
211.463
212.463
213.463
214.463
215.463
216.463
217.463
218.463
219.463
220.463
221.463
222.463
223.463
224.463
225.463
226.463
227.463
228.463
229.463
230.463
231.463
232.463
233.463
234.463
235.463
236.463
237.463
238.463
239.463
240.463
241.463
242.463
243.463
244.463
245.463
246.463
247.463
248.463
249.463
250.463
251.463
252.463
253.463
254.463
255.463
256.463
257.463
258.463
259.463
260.463
261.463
262.463
263.463
264.463
265.463
266.463
267.463
268.463
269.463
270.463
271.463
272.463
273.463
274.463
275.463
136.274
135.274
136.274
137.274
138.274
139.274
140.274
141.274
142.274
143.274
144.274
145.274
146.274
147.274
148.274
149.274
150.274
151.274
152.274
153.274
154.274
155.274
156.274
157.274
158.274
159.274
160.274
161.274
162.274
163.274
164.274
165.274
166.274
167.274
168.274
169.274
170.274
171.274
172.274
173.274
174.274
175.274
176.274
177.274
178.274
179.274
180.274
181.274
182.274
183.274
184.274
185.274
186.274
187.274
188.274
189.274
190.274
191.274
192.274
193.274
194.274
195.274
196.274
197.274
198.274
199.274
200.274
201.274
202.274
203.274
204.274
205.274
206.274
207.274
208.274
209.274
210.274
211.274
212.274
213.274
214.274
215.274
216.274
217.274
218.274
219.274
220.274
221.274
222.274
223.274
224.274
225.274
226.274
227.274
228.274
229.274
230.274
153.31
154.31
155.31
156.31
157.31
158.31
159.31
160.31
161.31
162.31
163.31
164.31
165.31
166.31
167.31
168.31
169.31
170.31
171.31
172.31
173.31
174.31
175.31
176.31
177.31
178.31
179.31
180.31
181.31
182.31
183.31
184.31
185.31
186.31
187.31
188.31
189.31
190.31
191.31
192.31
193.31
194.31
195.31
196.31
197.31
198.31
199.31
200.31
201.31
202.31
203.31
204.31
205.31
206.31
207.31
208.31
209.31
210.31
211.31
212.31
116.102
117.102
118.102
119.102
120.102
121.102
122.102
123.102
124.102
125.102
126.102
127.102
128.102
129.102
130.102
131.102
132.102
133.102
134.102
135.102
136.102
137.102
138.102
139.102
140.102
141.102
142.102
143.102
144.102
145.102
146.102
147.102
148.102
149.102
150.102
151.102
152.102
153.102
154.102
155.102
156.102
157.102
158.102
159.102
160.102
161.102
162.102
163.102
164.102
165.102
166.102
167.102
168.102
169.102
170.102
104.399
105.399
106.399
107.399
108.399
109.399
110.399
111.399
112.399
113.399
114.399
115.399
116.399
117.399
118.399
119.399
120.399
121.399
122.399
123.399
124.399
125.399
126.399
127.399
128.399
129.399
130.399
131.399
132.399
133.399
134.399
135.399
136.399
137.399
138.399
139.399
140.399
141.399
142.399
143.399
144.399
145.399
146.399
147.399
148.399
149.399
150.399
151.399
152.399
153.399
154.399
154.887
155.887
156.887
157.887
158.887
159.887
160.887
161.887
162.887
163.887
164.887
165.887
166.887
167.887
168.887
169.887
170.887
171.887
172.887
173.887
174.887
175.887
176.887
177.887
178.887
179.887
180.887
181.887
182.887
183.887
184.887
185.887
186.887
187.887
188.887
189.887
190.887
191.887
192.887
193.887
194.887
195.887
196.887
197.887
198.887
199.887
200.887
201.887
202.887
203.887
204.887
205.887
206.887
207.887
208.887
209.887
210.887
211.887
212.887
213.887
214.887
215.887
216.887
217.887
218.887
219.887
220.887
221.887
222.887
223.887
224.887
225.887
226.887
227.887
228.887
229.887
192.928
193.928
194.928
195.928
196.928
197.928
198.928
199.928
200.928
201.928
202.928
203.928
204.928
205.928
206.928
207.928
208.928
209.928
210.928
211.928
212.928
213.928
214.928
215.928
216.928
217.928
218.928
219.928
220.928
221.928
222.928
223.928
224.928
225.928
226.928
227.928
228.928
229.928
230.928
231.928
232.928
233.928
234.928
235.928
236.928
237.928
238.928
239.928
240.928
241.928
242.928
243.928
244.928
245.928
246.928
247.928
248.928
249.928
250.928
251.928
252.928
253.928
254.928
255.928
256.928
257.928
258.928
142.931
143.931
144.931
145.931
146.931
147.931
148.931
149.931
150.931
151.931
152.931
153.931
154.931
154.973
155.973
156.973
157.973
158.973
159.973
160.973
161.973
162.973
163.973
164.973
165.973
166.973
167.973
168.973
169.973
170.973
171.973
172.973
173.973
174.973
175.973
176.973
177.973
178.973
179.973
180.973
181.973
182.973
183.973
184.973
185.973
186.973
187.973
188.973
189.973
190.973
191.973
192.973
193.973
194.973
195.973
196.973
197.973
198.973
199.973
139.457
140.457
141.457
142.457
143.457
144.457
145.457
146.457
147.457
148.457
149.457
150.457
151.457
152.457
153.457
154.457
155.457
156.457
157.457
158.457
159.457
160.457
161.457
162.457
163.457
164.457
165.457
166.457
167.457
168.457
169.457
170.457
171.457
172.457
173.457
174.457
175.457
176.457
177.457
178.457
179.457
180.457
181.457
182.457
183.457
184.457
185.457
186.457
187.457
188.457
189.457
190.457
191.457
192.457
193.457
194.457
195.457
196.457
197.457
198.457
199.457
200.457
201.457
202.457
203.457
204.457
205.457
206.457
207.457
208.457
209.457
210.457
211.457
212.457
213.457
214.457
215.457
216.457
217.457
218.457
219.457
220.457
221.457
222.457
223.457
224.457
225.457
226.457
227.457
228.457
229.457
230.457
231.457
232.457
233.457
234.457
235.457
236.457
237.457
238.457
239.457
240.457
241.457
242.457
243.457
244.457
245.457
246.457
247.457
248.457
249.457
250.457
251.457
252.457
253.457
254.457
255.457
256.457
257.457
258.457
259.457
260.457
261.457
262.457
263.457
264.457
265.457
266.457
267.457
268.457
269.457
270.457
271.457
272.457
273.457
274.457
275.457
276.457
277.457
278.457
279.457
280.457
281.457
282.457
283.457
284.457
285.457
286.457
287.457
288.457
289.457
290.457
291.457
