68
-93 68
-18 -4
-42 -62
64 -10
92 -12
83 -9
89 64
43 -47
96 14
59 0
-35 -2
-35 22
41 -41
-60 99
52 65
-92 -34
33 -53
2 -100
-41 -12
-88 -70
-26 0
6 18
-83 -17
-28 -92
43 -17
-47 79
50 -17
91 -71
43 -39
43 -61
11 52
-1 62
41 81
-31 38
20 14
10 -6
67 69
79 -19
26 -18
70 -70
97 -99
-28 45
-90 -57
-82 -43
-84 5
18 90
0 53
-39 94
31 -100
-70 30
10 -67
-57 -23
98 -40
1 -100
95 -27
-48 100
-28 -17
38 63
-10 -69
76 16
-95 -84
-34 19
-34 -17
-48 -66
-64 -11
90 3
-79 -77
-40 95
