100
2 -100 1 -100
-39 94 -40 95
41 -41 43 -39
-35 22 -34 19
-28 -17 -34 -17
43 -47 41 -41
43 -17 50 -17
-42 -62 -48 -66
-31 38 -28 45
-41 -12 -34 -17
-18 -4 -26 0
-1 62 0 53
-35 -2 -26 0
-48 100 -40 95
92 -12 83 -9
83 -9 79 -19
11 52 0 53
64 -10 59 0
-88 -70 -79 -77
43 -47 33 -53
-35 -2 -41 -12
-60 99 -48 100
96 14 90 3
33 -53 43 -61
-88 -70 -90 -57
98 -40 95 -27
-92 -34 -82 -43
83 -9 90 3
-57 -23 -64 -11
52 65 38 63
6 18 20 14
92 -12 95 -27
52 65 67 69
64 -10 50 -17
-88 -70 -95 -84
-90 -57 -82 -43
-35 22 -31 38
-47 79 -39 94
43 -17 26 -18
64 -10 79 -19
41 81 38 63
76 16 90 3
-92 -34 -83 -17
-41 -12 -57 -23
-83 -17 -64 -11
10 -6 26 -18
10 -67 -10 -69
-26 0 -34 19
91 -71 70 -70
43 -17 43 -39
-83 -17 -84 5
20 14 10 -6
89 64 67 69
41 81 18 90
33 -53 10 -67
-18 -4 10 -6
43 -61 70 -70
91 -71 97 -99
-84 5 -70 30
2 -100 31 -100
-28 45 0 53
11 52 38 63
-28 -92 -10 -69
-28 -92 1 -100
-42 -62 -10 -69
-47 79 -28 45
-93 68 -70 30
-35 -2 -28 -17
64 -10 26 -18
2 -100 10 -67
-35 22 -70 30
64 -10 43 -39
-84 5 -57 -23
11 52 -1 62
2 -100 -10 -69
-26 0 -34 19
-41 -12 -64 -11
-31 38 0 53
83 -9 50 -17
-31 38 -28 45
-35 -2 -34 -17
-26 0 -31 38
92 -12 59 0
89 64 52 65
11 52 -28 45
43 -47 70 -70
50 -17 26 -18
-35 -2 -26 0
-35 22 -31 38
-47 79 -48 100
33 -53 43 -17
-57 -23 -64 -11
-28 -92 -10 -69
43 -47 43 -61
11 52 38 63
-18 -4 -35 22
2 -100 1 -100
-28 -92 1 -100
79 -19 76 16
43 -17 50 -17
