42
1 przedni 2 3 4 5 6 8 9 10 15 17 19 22 23 24 25 27 28 31 32 33 34 37 38 40 41 ;
2 przedni 1 4 7 11 19 20 21 23 24 25 27 29 30 34 36 41 ;
3 tylny 1 7 9 10 12 18 19 20 21 24 25 27 29 30 33 36 37 39 40 42 ;
4 przedni 1 2 8 9 12 13 16 17 20 22 25 28 29 32 35 36 38 41 42 ;
5 przedni 1 9 12 14 16 17 18 19 23 24 26 28 29 31 32 35 36 38 39 40 41 ;
6 tylny 1 11 14 15 16 20 22 24 25 30 34 35 36 37 41 ;
7 przedni 2 3 9 11 12 15 16 17 18 19 20 21 25 26 27 29 30 33 34 35 36 37 38 39 40 41 ;
8 przedni 1 4 10 11 14 15 18 20 23 25 27 29 30 32 36 40 41 ;
9 tylny 1 3 4 5 7 10 11 12 14 15 18 25 26 28 32 33 35 37 ;
10 tylny 1 3 8 9 12 15 20 21 25 26 28 29 30 31 33 36 38 39 40 42 ;
11 przedni 2 6 7 8 9 12 14 15 16 20 23 24 25 28 30 31 35 38 40 41 42 ;
12 przedni 3 4 5 7 9 10 11 14 16 19 20 22 23 26 27 28 29 30 35 36 37 39 42 ;
13 tylny 4 14 19 24 26 32 34 35 36 39 40 41 ;
14 tylny 5 6 8 9 11 12 13 15 17 20 22 28 31 32 36 37 39 40 41 42 ;
15 przedni 1 6 7 8 9 10 11 14 16 17 19 22 23 24 26 28 30 31 37 40 41 42 ;
16 tylny 4 5 6 7 11 12 15 19 20 21 23 24 25 26 27 28 29 30 31 34 37 38 39 40 41 42 ;
17 przedni 1 4 5 7 14 15 18 25 26 27 29 30 31 32 33 39 41 ;
18 przedni 3 5 7 8 9 17 21 22 23 24 25 29 30 31 32 39 ;
19 tylny 1 2 3 5 7 12 13 15 16 20 23 25 26 28 29 30 31 32 33 34 38 39 40 42 ;
20 przedni 2 3 4 6 7 8 10 11 12 14 16 19 27 28 30 32 33 37 38 ;
21 przedni 2 3 7 10 16 18 22 23 24 27 28 30 34 36 37 38 40 41 ;
22 tylny 1 4 6 12 14 15 18 21 24 25 26 29 34 35 36 38 39 40 41 ;
23 tylny 1 2 5 8 11 12 15 16 18 19 21 27 29 30 32 33 34 36 38 40 41 ;
24 tylny 1 2 3 5 6 11 13 15 16 18 21 22 25 28 29 31 33 36 39 40 42 ;
25 tylny 1 2 3 4 6 7 8 9 10 11 16 17 18 19 22 24 30 31 33 34 36 37 39 42 ;
26 tylny 5 7 9 10 12 13 15 16 17 19 22 27 28 29 31 32 34 37 38 41 42 ;
27 przedni 1 2 3 7 8 12 16 17 20 21 23 26 28 29 31 33 34 35 36 39 40 41 ;
28 przedni 1 4 5 9 10 11 12 14 15 16 19 20 21 24 26 27 29 30 32 34 35 36 37 38 39 40 41 42 ;
29 przedni 2 3 4 5 7 8 10 12 16 17 18 19 22 23 24 26 27 28 32 33 35 42 ;
30 przedni 2 3 6 7 8 10 11 12 15 16 17 18 19 20 21 23 25 28 31 32 33 34 37 38 40 42 ;
31 przedni 1 5 10 11 14 15 16 17 18 19 24 25 26 27 30 33 39 42 ;
32 tylny 1 4 5 8 9 13 14 17 18 19 20 23 26 28 29 30 35 38 40 42 ;
33 przedni 1 3 7 9 10 17 19 20 23 24 25 27 29 30 31 34 41 42 ;
34 tylny 1 2 6 7 13 16 19 21 22 23 25 26 27 28 30 33 35 36 39 41 42 ;
35 tylny 4 5 6 7 9 11 12 13 22 27 28 29 32 34 36 40 ;
36 przedni 2 3 4 5 6 7 8 10 12 13 14 21 22 23 24 25 27 28 34 35 40 ;
37 tylny 1 3 6 7 9 12 14 15 16 20 21 25 26 28 30 40 41 ;
38 przedni 1 4 5 7 10 11 16 19 20 21 22 23 26 28 30 32 40 42 ;
39 przedni 3 5 7 10 12 13 14 16 17 18 19 22 24 25 27 28 31 34 40 41 42 ;
40 przedni 1 3 5 7 8 10 11 13 14 15 16 19 21 22 23 24 27 28 30 32 35 36 37 38 39 41 42 ;
41 przedni 1 2 4 5 6 7 8 11 13 14 15 16 17 21 22 23 26 27 28 33 34 37 39 40 ;
42 tylny 3 4 10 11 12 14 15 16 19 24 25 26 28 29 30 31 32 33 34 38 39 40 ;
